1,400004,512,r,0.57956
1,400014,512,r,0.802265
1,400007,512,r,1.23623
1,400021,512,r,1.34689
1,400029,512,r,1.36619
1,400016,512,r,1.55335
1,400029,512,r,2.51469
1,400017,512,r,2.69625
1,400017,512,r,4.08675
1,400016,512,r,4.85973
1,400022,512,r,4.96709
1,400030,512,r,4.98769
1,400018,512,r,5.17074
1,400020,512,r,5.29211
1,400023,512,r,5.39353
1,400024,512,r,5.47111
1,400023,512,r,6.34191
1,400007,512,r,6.6602
1,400025,512,r,6.73996
1,400021,512,r,7.02766
1,400031,512,r,7.03269
1,400026,512,r,7.11361
1,400021,512,r,7.86264
1,400028,512,r,7.89764
1,400017,512,r,8.13454
1,400014,512,r,8.3456
1,400023,512,r,8.71455
1,400026,512,r,9.22676
1,400032,512,r,9.2576
1,400026,512,r,10.0588
1,400029,512,r,10.2542
1,400007,512,r,10.5806
1,400022,512,r,10.7822
1,400029,512,r,11.4678
1,400007,512,r,12.2127
1,400024,512,r,12.4861
1,400033,512,r,12.5118
1,400020,512,r,12.7309
1,400033,512,r,13.5864
1,400027,512,r,13.661
1,400007,512,r,14.2543
1,400034,512,r,14.3609
1,400004,512,r,14.4931
1,400035,512,r,14.5849
1,400036,512,r,14.6186
1,400029,512,r,14.9566
1,400028,512,r,15.1472
1,400037,512,r,15.195
1,400038,512,r,15.2443
1,400022,512,r,15.4953
1,400026,512,r,15.7123
1,400029,512,r,16.2049
1,400017,512,r,16.3647
1,400029,512,r,17.3388
1,400024,512,r,17.5378
1,400030,512,r,17.6206
1,400039,512,r,17.6537
1,400040,512,r,17.7028
1,400026,512,r,18.145
1,400024,512,r,18.727
1,400038,512,r,19.0962
1,400004,512,r,19.348
1,400021,512,r,19.4459
1,400030,512,r,19.8538