1,400064,512,r,0.57956
1,400065,512,r,0.802265
1,400066,512,r,1.23623
1,400067,512,r,1.34689
1,400068,512,r,1.36619
1,400069,512,r,1.55335
1,400070,512,r,2.51469
1,400071,512,r,2.69625
1,400072,512,r,4.08675
1,400073,512,r,4.85973
1,400074,512,r,4.96709
1,400075,512,r,4.98769
1,400076,512,r,5.17074
1,400077,512,r,5.29211
1,400078,512,r,5.39353
1,400079,512,r,5.47111
1,400080,512,r,6.34191
1,400081,512,r,6.6602
1,400082,512,r,6.73996
1,400083,512,r,7.02766
1,400084,512,r,7.03269
1,400085,512,r,7.11361
1,400086,512,r,7.86264
1,400087,512,r,7.89764
1,400088,512,r,8.13454
1,400089,512,r,8.3456
1,400090,512,r,8.71455
1,400091,512,r,9.22676
1,400092,512,r,9.2576
1,400093,512,r,10.0588
1,400094,512,r,10.2542
1,400095,512,r,10.5806
1,400096,512,r,10.7822
1,400097,512,r,11.4678
1,400098,512,r,12.2127
1,400099,512,r,12.4861
1,400100,512,r,12.5118
1,400101,512,r,12.7309
1,400102,512,r,13.5864
1,400103,512,r,13.661
1,400104,512,r,14.2543
1,400105,512,r,14.3609
1,400106,512,r,14.4931
1,400107,512,r,14.5849
1,400108,512,r,14.6186
1,400109,512,r,14.9566
1,400110,512,r,15.1472
1,400111,512,r,15.195
1,400112,512,r,15.2443
1,400113,512,r,15.4953
1,400114,512,r,15.7123
1,400115,512,r,16.2049
1,400116,512,r,16.3647
1,400117,512,r,17.3388
1,400118,512,r,17.5378
1,400119,512,r,17.6206
1,400120,512,r,17.6537
1,400121,512,r,17.7028
1,400122,512,r,18.145
1,400123,512,r,18.727
1,400124,512,r,19.0962
1,400125,512,r,19.348
1,400126,512,r,19.4459
1,400127,512,r,19.8538
