2,400001,512,r,0.222705
2,400002,512,r,0.556077
1,400131,512,r,0.57956
2,400003,512,r,1.07661
1,400459,512,r,1.59308
2,400002,512,r,1.77869
1,400219,512,r,2.6259
2,400003,512,r,3.25375
1,400678,512,r,4.62007
2,400002,512,r,4.74941
2,400003,512,r,6.36644
1,400934,512,r,8.00474
2,400002,512,r,8.06105
2,400003,512,r,10.074
1,400519,512,r,11.4968
2,400002,512,r,12.3746
2,400003,512,r,14.7561
1,400034,512,r,15.1718
2,400002,512,r,17.1726
1,400529,512,r,18.9484
2,400003,512,r,19.8002
2,400002,512,r,22.9399
1,400131,512,r,23.5956
2,400003,512,r,26.8809
1,400067,512,r,28.3227
2,400002,512,r,31.1482
1,400686,512,r,33.0548
2,400003,512,r,36.1013
1,400930,512,r,38.5359
2,400002,512,r,41.3276
1,400527,512,r,44.2539
2,400004,512,r,46.7731
1,400653,512,r,50.3409
2,400002,512,r,52.2932
1,400700,512,r,56.4587
2,400003,512,r,57.92
1,400761,512,r,62.772
2,400002,512,r,63.6385
1,400047,512,r,69.2868
2,400003,512,r,69.695
2,400002,512,r,75.7993
1,400328,512,r,76.5465
2,400004,512,r,82.1546
1,400756,512,r,83.8319
2,400002,512,r,89.0025
1,400365,512,r,91.9728
2,400001,512,r,96.8246
1,400982,512,r,100.707
2,400002,512,r,104.729
1,400753,512,r,109.573
2,400001,512,r,112.684
1,400072,512,r,118.473
2,400004,512,r,121.22
1,400884,512,r,127.564
2,400001,512,r,130.007
1,400436,512,r,136.704
2,400002,512,r,139.203
1,400477,512,r,146.061
2,400001,512,r,148.521
1,400275,512,r,155.578
2,400002,512,r,158.109
1,400166,512,r,165.294
2,400001,512,r,167.746
1,400897,512,r,175.042
2,400004,512,r,177.928
1,400060,512,r,185.233
2,400002,512,r,188.273
1,400504,512,r,195.793
2,400004,512,r,198.63
1,400319,512,r,206.452
2,400002,512,r,209.119
1,400494,512,r,217.437
2,400004,512,r,219.67
1,400090,512,r,228.533
2,400002,512,r,230.677
1,400073,512,r,240.175
2,400004,512,r,242.241
1,400384,512,r,251.831
2,400002,512,r,253.84
1,400913,512,r,263.741
2,400004,512,r,265.727
1,400464,512,r,275.857
2,400001,512,r,277.839
1,400050,512,r,288.433
2,400004,512,r,289.971
1,400769,512,r,301.131
2,400001,512,r,302.13
1,400125,512,r,314.041
2,400004,512,r,314.484
1,400688,512,r,326.981
2,400001,512,r,327.058
2,400004,512,r,339.687
1,400629,512,r,340.175
2,400001,512,r,352.33
1,400725,512,r,353.889
2,400002,512,r,365.163
1,400888,512,r,368.175
2,400001,512,r,378.033
1,400306,512,r,382.688
2,400004,512,r,390.999
1,400513,512,r,397.639
2,400005,512,r,405.095
1,400845,512,r,412.633
2,400004,512,r,419.972
1,400841,512,r,427.685
2,400005,512,r,434.958
1,400415,512,r,442.867
2,400004,512,r,449.978
1,400468,512,r,458.151
2,400005,512,r,465.001
1,400178,512,r,473.789
2,400004,512,r,480.213
1,400571,512,r,489.679
2,400005,512,r,495.487
1,400365,512,r,505.658
2,400004,512,r,511.296
1,400498,512,r,521.737
2,400005,512,r,529.115
1,400748,512,r,538.001
2,400004,512,r,547.184
1,400890,512,r,554.468
2,400005,512,r,565.304
1,400842,512,r,570.961
2,400004,512,r,584.14
1,400212,512,r,588.017
2,400005,512,r,603.416
1,400130,512,r,605.303
2,400004,512,r,622.708
1,400274,512,r,622.825
1,400414,512,r,640.79
2,400001,512,r,642.36
1,400709,512,r,658.893
2,400004,512,r,662.373
1,400240,512,r,677.088
2,400001,512,r,683.666
1,400317,512,r,695.392
2,400004,512,r,704.965
1,400651,512,r,713.75
2,400005,512,r,726.32
1,400681,512,r,732.24
2,400004,512,r,747.938
1,400388,512,r,751
2,400005,512,r,770.051
1,400147,512,r,770.135
1,400846,512,r,789.34
2,400009,512,r,792.692
2,400005,512,r,815.721
2,400004,512,r,839.403
2,400005,512,r,863.215
2,400004,512,r,887.093
2,400005,512,r,911.051
2,400004,512,r,935.141
2,400005,512,r,959.377
2,400009,512,r,983.939
2,400005,512,r,1009.11
2,400001,512,r,1034.47
2,400005,512,r,1059.98
2,400001,512,r,1085.59
2,400005,512,r,1111.72
2,400007,512,r,1137.9
2,400005,512,r,1164.24
2,400001,512,r,1190.91
2,400005,512,r,1217.76
2,400004,512,r,1244.77
2,400005,512,r,1272.01
2,400004,512,r,1299.54
2,400005,512,r,1327.3
2,400004,512,r,1355.33
2,400001,512,r,1384.09
2,400004,512,r,1413.24
2,400005,512,r,1442.5
2,400004,512,r,1471.85
2,400001,512,r,1501.22
2,400007,512,r,1530.6
2,400005,512,r,1560.21
2,400007,512,r,1589.93
2,400001,512,r,1619.8
2,400007,512,r,1650.21
2,400001,512,r,1680.92
2,400007,512,r,1711.82
2,400005,512,r,1743.93
2,400004,512,r,1776.15
2,400005,512,r,1808.4
2,400004,512,r,1840.66
2,400007,512,r,1872.97
2,400004,512,r,1905.51
2,400007,512,r,1939.13
2,400004,512,r,1972.85
2,400005,512,r,2006.81
2,400004,512,r,2040.85
2,400007,512,r,2074.99
2,400004,512,r,2109.22
2,400007,512,r,2145
2,400004,512,r,2181.51
2,400005,512,r,2218.04
2,400004,512,r,2254.66
2,400005,512,r,2292.72
2,400004,512,r,2330.98
2,400002,512,r,2369.4
2,400005,512,r,2408.27
