2,450000,512,r,0.222705
2,450003,512,r,0.556077
1,450002,512,r,0.57956
2,450000,512,r,1.07661
1,450009,512,r,1.59308
2,450004,512,r,1.77869
1,450004,512,r,2.6259
2,450009,512,r,3.25375
1,450013,512,r,4.62007
2,450003,512,r,4.74941
2,450000,512,r,6.36644
1,450018,512,r,8.00474
2,450000,512,r,8.06105
2,450005,512,r,10.074
1,450010,512,r,11.4968
2,450010,512,r,12.3746
2,450003,512,r,14.7561
1,450011,512,r,15.1718
2,450009,512,r,17.1726
1,450010,512,r,18.9484
2,450004,512,r,19.8002
2,450000,512,r,22.9399
1,450014,512,r,23.5956
2,450000,512,r,26.8809
1,450019,512,r,28.3227
2,450009,512,r,31.1482
1,450012,512,r,33.0548
2,450005,512,r,36.1013
1,450015,512,r,38.5359
2,450000,512,r,41.3276
1,450016,512,r,44.2539
2,450012,512,r,46.7731
1,450017,512,r,50.3409
2,450003,512,r,52.2932
1,450010,512,r,56.4587
2,450003,512,r,57.92
1,450020,512,r,62.772
2,450007,512,r,63.6385
1,450014,512,r,69.2868
2,450012,512,r,69.695
2,450000,512,r,75.7993
1,450021,512,r,76.5465
2,450012,512,r,82.1546
1,450022,512,r,83.8319
2,450000,512,r,89.0025
1,450021,512,r,91.9728
2,450008,512,r,96.8246
1,450023,512,r,100.707
2,450008,512,r,104.729
1,450015,512,r,109.573
2,450007,512,r,112.684
1,450012,512,r,118.473
2,450000,512,r,121.22
1,450014,512,r,127.564
2,450012,512,r,130.007
1,450023,512,r,136.704
2,450012,512,r,139.203
1,450024,512,r,146.061
2,450012,512,r,148.521
1,450023,512,r,155.578
2,450007,512,r,158.109
1,450016,512,r,165.294
2,450010,512,r,167.746
1,450021,512,r,175.042
2,450000,512,r,177.928
1,450010,512,r,185.233
2,450000,512,r,188.273
1,450021,512,r,195.793
2,450003,512,r,198.63
1,450010,512,r,206.452
2,450003,512,r,209.119
1,450015,512,r,217.437
2,450012,512,r,219.67
1,450025,512,r,228.533
2,450007,512,r,230.677
1,450022,512,r,240.175
2,450008,512,r,242.241
1,450025,512,r,251.831
2,450009,512,r,253.84
1,450013,512,r,263.741
2,450007,512,r,265.727
1,450022,512,r,275.857
2,450012,512,r,277.839
1,450019,512,r,288.433
2,450005,512,r,289.971
1,450020,512,r,301.131
2,450000,512,r,302.13
1,450011,512,r,314.041
2,450012,512,r,314.484
1,450009,512,r,326.981
2,450007,512,r,327.058
2,450012,512,r,339.687
1,450025,512,r,340.175
2,450005,512,r,352.33
1,450016,512,r,353.889
2,450000,512,r,365.163
1,450018,512,r,368.175
2,450008,512,r,378.033
1,450017,512,r,382.688
2,450010,512,r,390.999
1,450022,512,r,397.639
2,450009,512,r,405.095
1,450013,512,r,412.633
2,450010,512,r,419.972
1,450018,512,r,427.685
2,450010,512,r,434.958
1,450010,512,r,442.867
2,450009,512,r,449.978
1,450020,512,r,458.151
2,450008,512,r,465.001
1,450024,512,r,473.789
2,450012,512,r,480.213
1,450004,512,r,489.679
2,450008,512,r,495.487
1,450014,512,r,505.658
2,450009,512,r,511.296
1,450010,512,r,521.737
2,450000,512,r,529.115
1,450004,512,r,538.001
2,450010,512,r,547.184
1,450018,512,r,554.468
2,450009,512,r,565.304
1,450017,512,r,570.961
2,450009,512,r,584.14
1,450015,512,r,588.017
2,450003,512,r,603.416
1,450010,512,r,605.303
2,450011,512,r,622.708
1,450024,512,r,622.825
1,450011,512,r,640.79
2,450011,512,r,642.36
1,450009,512,r,658.893
2,450009,512,r,662.373
1,450004,512,r,677.088
1,450011,512,r,695.392
1,450023,512,r,713.75
1,450026,512,r,732.24
1,450011,512,r,751
1,450017,512,r,770.135
1,450020,512,r,789.34
1,450015,512,r,809.825
1,450002,512,r,830.315
1,450017,512,r,850.862
1,450014,512,r,871.671
1,450013,512,r,892.976
1,450025,512,r,914.809
1,450023,512,r,937.029
1,450017,512,r,959.903
1,450021,512,r,982.906
1,450023,512,r,1005.98
1,450020,512,r,1029.13
1,450016,512,r,1052.41
1,450021,512,r,1075.83
1,450014,512,r,1099.59
1,450016,512,r,1123.95
1,450015,512,r,1148.5
1,450002,512,r,1173.21
1,450019,512,r,1198.01
1,450014,512,r,1223.33
1,450022,512,r,1248.7
1,450010,512,r,1274.23
1,450017,512,r,1300.09
1,450009,512,r,1326.13
1,450021,512,r,1352.33
1,450025,512,r,1378.77
1,450004,512,r,1405.49
1,450013,512,r,1432.44
1,450012,512,r,1459.66
1,450009,512,r,1487.61
1,450019,512,r,1515.95
1,450010,512,r,1544.4
1,450026,512,r,1572.94
1,450016,512,r,1601.5
1,450015,512,r,1630.08
1,450002,512,r,1658.88
1,450025,512,r,1687.79
1,450002,512,r,1716.85
1,450013,512,r,1746.46
1,450022,512,r,1776.36
1,450024,512,r,1806.45
1,450023,512,r,1837.75
1,450022,512,r,1869.16
1,450018,512,r,1900.61
1,450016,512,r,1932.06
1,450010,512,r,1963.56
1,450025,512,r,1995.28
1,450017,512,r,2028.1
1,450018,512,r,2061.01
1,450010,512,r,2094.16
1,450019,512,r,2127.39
1,450012,512,r,2160.73
1,450023,512,r,2194.14
1,450026,512,r,2229.12
1,450021,512,r,2264.82
1,450004,512,r,2300.54
1,450021,512,r,2336.35
1,450024,512,r,2373.61
1,450023,512,r,2411.05
1,450010,512,r,2448.67
1,450020,512,r,2486.73
