2,450000,512,r,0.0981282
1,450022,512,r,0.133437
2,450003,512,r,0.478858
1,450029,512,r,0.630284
1,450024,512,r,1.4616
2,450000,512,r,1.50682
1,450033,512,r,2.36542
2,450004,512,r,3.36203
1,450038,512,r,3.79234
1,450030,512,r,5.43028
2,450009,512,r,5.56408
1,450031,512,r,7.60966
2,450003,512,r,7.95298
1,450030,512,r,9.94577
2,450000,512,r,10.3938
1,450034,512,r,12.2857
2,450000,512,r,13.1505
1,450039,512,r,15.6336
2,450005,512,r,17.7364
1,450032,512,r,19.068
2,450010,512,r,22.5263
1,450035,512,r,23.1023
1,450036,512,r,27.2759
2,450003,512,r,27.4942
1,450037,512,r,31.4629
2,450009,512,r,32.9393
1,450030,512,r,36.0359
2,450004,512,r,38.9763
1,450040,512,r,40.6397
2,450000,512,r,45.0638
1,450034,512,r,45.4704
1,450041,512,r,50.7476
2,450000,512,r,51.3963
1,450042,512,r,56.5212
2,450009,512,r,57.8069
1,450041,512,r,62.402
2,450005,512,r,64.3338
1,450043,512,r,68.2904
2,450000,512,r,71.0332
1,450035,512,r,74.2537
2,450012,512,r,77.9724
1,450032,512,r,80.2921
2,450003,512,r,84.9627
1,450034,512,r,86.4399
2,450003,512,r,92.6734
1,450043,512,r,93.0181
1,450044,512,r,99.8794
2,450007,512,r,100.78
1,450043,512,r,107.254
2,450012,512,r,108.969
1,450036,512,r,114.746
2,450000,512,r,118.105
1,450041,512,r,122.374
2,450012,512,r,127.363
1,450030,512,r,130.096
2,450000,512,r,137.036
1,450041,512,r,138.005
1,450030,512,r,145.92
2,450008,512,r,147.234
1,450035,512,r,153.92
2,450008,512,r,157.446
1,450045,512,r,161.938
2,450007,512,r,168.807
1,450042,512,r,170.553
1,450045,512,r,179.811
2,450000,512,r,181.003
1,450033,512,r,189.388
2,450012,512,r,193.979
1,450042,512,r,199.045
2,450012,512,r,207.272
1,450039,512,r,208.72
1,450040,512,r,218.62
2,450012,512,r,221.07
1,450031,512,r,228.768
2,450007,512,r,235.258
1,450029,512,r,239.352
2,450010,512,r,249.969
1,450045,512,r,249.979
1,450036,512,r,260.879
2,450000,512,r,264.965
1,450038,512,r,271.846
2,450000,512,r,280.119
1,450037,512,r,282.928
1,450042,512,r,294.586
2,450003,512,r,295.375
1,450033,512,r,306.386
2,450003,512,r,310.921
1,450038,512,r,318.378
2,450012,512,r,326.874
1,450030,512,r,330.688
2,450007,512,r,343.181
1,450040,512,r,343.908
1,450044,512,r,357.315
2,450008,512,r,359.671
1,450024,512,r,371.413
2,450009,512,r,376.258
1,450034,512,r,385.894
2,450007,512,r,393.067
1,450030,512,r,400.792
2,450012,512,r,411.515
1,450024,512,r,415.696
2,450005,512,r,430.442
1,450038,512,r,431.587
1,450037,512,r,447.795
2,450000,512,r,449.385
1,450035,512,r,464.263
2,450012,512,r,468.631
1,450030,512,r,480.771
2,450007,512,r,487.927
1,450044,512,r,497.407
2,450012,512,r,507.355
1,450031,512,r,514.101
2,450005,512,r,526.859
1,450029,512,r,530.811
2,450000,512,r,546.795
1,450024,512,r,547.826
1,450031,512,r,565.927
2,450008,512,r,566.83
1,450043,512,r,584.14
2,450010,512,r,587.142
1,450046,512,r,602.824
2,450009,512,r,607.671
1,450031,512,r,622.069
2,450010,512,r,629.164
1,450037,512,r,641.467
2,450010,512,r,650.807
1,450040,512,r,660.942
2,450009,512,r,672.627
1,450035,512,r,680.439
2,450008,512,r,694.458
1,450022,512,r,700.177
2,450012,512,r,716.833
1,450037,512,r,719.968
2,450008,512,r,739.229
1,450034,512,r,739.904
1,450033,512,r,760.028
2,450009,512,r,761.783
1,450045,512,r,780.672
2,450000,512,r,784.87
1,450043,512,r,801.475
2,450010,512,r,808.625
1,450037,512,r,822.458
2,450009,512,r,832.423
1,450041,512,r,843.557
2,450009,512,r,856.324
1,450043,512,r,864.828
2,450003,512,r,880.529
1,450040,512,r,886.213
2,450011,512,r,905.164
1,450036,512,r,907.759
1,450041,512,r,929.539
2,450011,512,r,930.838
1,450034,512,r,951.515
2,450009,512,r,957.244
1,450036,512,r,974.477
1,450035,512,r,997.626
1,450022,512,r,1021.73
1,450039,512,r,1046.47
1,450034,512,r,1071.39
1,450042,512,r,1096.44
1,450030,512,r,1121.57
1,450037,512,r,1146.91
1,450029,512,r,1172.34
1,450041,512,r,1197.99
1,450045,512,r,1223.73
1,450024,512,r,1249.83
1,450033,512,r,1276.3
1,450032,512,r,1302.96
1,450029,512,r,1330.02
1,450039,512,r,1357.24
1,450030,512,r,1384.47
1,450046,512,r,1411.76
1,450036,512,r,1439.48
1,450035,512,r,1467.22
1,450022,512,r,1495.08
1,450045,512,r,1522.97
1,450022,512,r,1550.9
1,450033,512,r,1578.84
1,450042,512,r,1607.38
1,450044,512,r,1636.02
1,450043,512,r,1665.3
1,450042,512,r,1695.23
1,450038,512,r,1725.47
1,450036,512,r,1755.79
1,450030,512,r,1786.43
1,450045,512,r,1817.22
1,450037,512,r,1848.47
1,450038,512,r,1879.73
1,450030,512,r,1911.19
1,450039,512,r,1942.72
1,450032,512,r,1974.77
1,450043,512,r,2007.36
1,450046,512,r,2040.22
1,450041,512,r,2073.34
1,450024,512,r,2106.57
1,450041,512,r,2140.61
1,450044,512,r,2174.68
1,450043,512,r,2208.78
1,450030,512,r,2243.38
1,450040,512,r,2278.97
